{
 "cells": [
  {
   "cell_type": "markdown",
   "metadata": {},
   "source": [
    "# Yelp Users Dataset Dimensionality Reduction "
   ]
  },
  {
   "cell_type": "code",
   "execution_count": 18,
   "metadata": {},
   "outputs": [],
   "source": [
    "import pandas as pd\n",
    "import numpy as np\n",
    "import matplotlib.pyplot as plt\n",
    "import seaborn as sns\n",
    "from sklearn.preprocessing import StandardScaler\n",
    "from sklearn.decomposition import PCA\n",
    "from sklearn.decomposition import FactorAnalysis\n",
    "\n",
    "%matplotlib inline"
   ]
  },
  {
   "cell_type": "code",
   "execution_count": 2,
   "metadata": {},
   "outputs": [
    {
     "data": {
      "text/html": [
       "<div>\n",
       "<table border=\"1\" class=\"dataframe\">\n",
       "  <thead>\n",
       "    <tr style=\"text-align: right;\">\n",
       "      <th></th>\n",
       "      <th>user_id</th>\n",
       "      <th>name</th>\n",
       "      <th>review_count</th>\n",
       "      <th>yelping_since</th>\n",
       "      <th>friends</th>\n",
       "      <th>useful</th>\n",
       "      <th>funny</th>\n",
       "      <th>cool</th>\n",
       "      <th>fans</th>\n",
       "      <th>elite</th>\n",
       "      <th>...</th>\n",
       "      <th>compliment_more</th>\n",
       "      <th>compliment_profile</th>\n",
       "      <th>compliment_cute</th>\n",
       "      <th>compliment_list</th>\n",
       "      <th>compliment_note</th>\n",
       "      <th>compliment_plain</th>\n",
       "      <th>compliment_cool</th>\n",
       "      <th>compliment_funny</th>\n",
       "      <th>compliment_writer</th>\n",
       "      <th>compliment_photos</th>\n",
       "    </tr>\n",
       "  </thead>\n",
       "  <tbody>\n",
       "    <tr>\n",
       "      <th>0</th>\n",
       "      <td>JJ-aSuM4pCFPdkfoZ34q0Q</td>\n",
       "      <td>Chris</td>\n",
       "      <td>10</td>\n",
       "      <td>2013-09-24</td>\n",
       "      <td>0njfJmB-7n84DlIgUByCNw, rFn3Xe3RqHxRSxWOU19Gpg...</td>\n",
       "      <td>0</td>\n",
       "      <td>0</td>\n",
       "      <td>0</td>\n",
       "      <td>0</td>\n",
       "      <td>None</td>\n",
       "      <td>...</td>\n",
       "      <td>0</td>\n",
       "      <td>0</td>\n",
       "      <td>0</td>\n",
       "      <td>0</td>\n",
       "      <td>0</td>\n",
       "      <td>0</td>\n",
       "      <td>0</td>\n",
       "      <td>0</td>\n",
       "      <td>0</td>\n",
       "      <td>0</td>\n",
       "    </tr>\n",
       "    <tr>\n",
       "      <th>1</th>\n",
       "      <td>uUzsFQn_6cXDh6rPNGbIFA</td>\n",
       "      <td>Tiffy</td>\n",
       "      <td>1</td>\n",
       "      <td>2017-03-02</td>\n",
       "      <td>None</td>\n",
       "      <td>0</td>\n",
       "      <td>0</td>\n",
       "      <td>0</td>\n",
       "      <td>0</td>\n",
       "      <td>None</td>\n",
       "      <td>...</td>\n",
       "      <td>0</td>\n",
       "      <td>0</td>\n",
       "      <td>0</td>\n",
       "      <td>0</td>\n",
       "      <td>0</td>\n",
       "      <td>0</td>\n",
       "      <td>0</td>\n",
       "      <td>0</td>\n",
       "      <td>0</td>\n",
       "      <td>0</td>\n",
       "    </tr>\n",
       "    <tr>\n",
       "      <th>2</th>\n",
       "      <td>mBneaEEH5EMyxaVyqS-72A</td>\n",
       "      <td>Mark</td>\n",
       "      <td>6</td>\n",
       "      <td>2015-03-13</td>\n",
       "      <td>None</td>\n",
       "      <td>0</td>\n",
       "      <td>0</td>\n",
       "      <td>0</td>\n",
       "      <td>0</td>\n",
       "      <td>None</td>\n",
       "      <td>...</td>\n",
       "      <td>0</td>\n",
       "      <td>0</td>\n",
       "      <td>0</td>\n",
       "      <td>0</td>\n",
       "      <td>0</td>\n",
       "      <td>0</td>\n",
       "      <td>0</td>\n",
       "      <td>0</td>\n",
       "      <td>0</td>\n",
       "      <td>0</td>\n",
       "    </tr>\n",
       "    <tr>\n",
       "      <th>3</th>\n",
       "      <td>W5mJGs-dcDWRGEhAzUYtoA</td>\n",
       "      <td>Evelyn</td>\n",
       "      <td>3</td>\n",
       "      <td>2016-09-08</td>\n",
       "      <td>None</td>\n",
       "      <td>0</td>\n",
       "      <td>0</td>\n",
       "      <td>0</td>\n",
       "      <td>0</td>\n",
       "      <td>None</td>\n",
       "      <td>...</td>\n",
       "      <td>0</td>\n",
       "      <td>0</td>\n",
       "      <td>0</td>\n",
       "      <td>0</td>\n",
       "      <td>0</td>\n",
       "      <td>0</td>\n",
       "      <td>0</td>\n",
       "      <td>0</td>\n",
       "      <td>0</td>\n",
       "      <td>0</td>\n",
       "    </tr>\n",
       "    <tr>\n",
       "      <th>4</th>\n",
       "      <td>4E8--zUZO1Rr1IBK4_83fg</td>\n",
       "      <td>Lisa</td>\n",
       "      <td>11</td>\n",
       "      <td>2012-07-16</td>\n",
       "      <td>None</td>\n",
       "      <td>4</td>\n",
       "      <td>0</td>\n",
       "      <td>0</td>\n",
       "      <td>0</td>\n",
       "      <td>None</td>\n",
       "      <td>...</td>\n",
       "      <td>0</td>\n",
       "      <td>0</td>\n",
       "      <td>0</td>\n",
       "      <td>0</td>\n",
       "      <td>0</td>\n",
       "      <td>0</td>\n",
       "      <td>0</td>\n",
       "      <td>0</td>\n",
       "      <td>1</td>\n",
       "      <td>0</td>\n",
       "    </tr>\n",
       "  </tbody>\n",
       "</table>\n",
       "<p>5 rows × 22 columns</p>\n",
       "</div>"
      ],
      "text/plain": [
       "                  user_id    name  review_count yelping_since  \\\n",
       "0  JJ-aSuM4pCFPdkfoZ34q0Q   Chris            10    2013-09-24   \n",
       "1  uUzsFQn_6cXDh6rPNGbIFA   Tiffy             1    2017-03-02   \n",
       "2  mBneaEEH5EMyxaVyqS-72A    Mark             6    2015-03-13   \n",
       "3  W5mJGs-dcDWRGEhAzUYtoA  Evelyn             3    2016-09-08   \n",
       "4  4E8--zUZO1Rr1IBK4_83fg    Lisa            11    2012-07-16   \n",
       "\n",
       "                                             friends  useful  funny  cool  \\\n",
       "0  0njfJmB-7n84DlIgUByCNw, rFn3Xe3RqHxRSxWOU19Gpg...       0      0     0   \n",
       "1                                               None       0      0     0   \n",
       "2                                               None       0      0     0   \n",
       "3                                               None       0      0     0   \n",
       "4                                               None       4      0     0   \n",
       "\n",
       "   fans elite        ...          compliment_more  compliment_profile  \\\n",
       "0     0  None        ...                        0                   0   \n",
       "1     0  None        ...                        0                   0   \n",
       "2     0  None        ...                        0                   0   \n",
       "3     0  None        ...                        0                   0   \n",
       "4     0  None        ...                        0                   0   \n",
       "\n",
       "   compliment_cute  compliment_list  compliment_note  compliment_plain  \\\n",
       "0                0                0                0                 0   \n",
       "1                0                0                0                 0   \n",
       "2                0                0                0                 0   \n",
       "3                0                0                0                 0   \n",
       "4                0                0                0                 0   \n",
       "\n",
       "   compliment_cool  compliment_funny  compliment_writer  compliment_photos  \n",
       "0                0                 0                  0                  0  \n",
       "1                0                 0                  0                  0  \n",
       "2                0                 0                  0                  0  \n",
       "3                0                 0                  0                  0  \n",
       "4                0                 0                  1                  0  \n",
       "\n",
       "[5 rows x 22 columns]"
      ]
     },
     "execution_count": 2,
     "metadata": {},
     "output_type": "execute_result"
    }
   ],
   "source": [
    "users=pd.read_csv('yelp_user.csv')\n",
    "users.head()"
   ]
  },
  {
   "cell_type": "markdown",
   "metadata": {},
   "source": [
    "Feature explanation:\n",
    "* review_count: the number of reviews they've written\n",
    "* friends: an array of the user's friend as user_ids\n",
    "* useful: number of useful votes sent by the user\n",
    "* funny: number of funny votes sent by the user\n",
    "* cool: number of cool votes sent by the user\n",
    "* fans: number of fans the user has\n",
    "* elite: the years the user was elite\n",
    "* average_stars: average rating of all reviews\n",
    "* compliment_hot: number of hot compliments received by the user\n",
    "* compliment_more: number of more compliments received by the user <br>\n",
    "..."
   ]
  },
  {
   "cell_type": "code",
   "execution_count": 3,
   "metadata": {},
   "outputs": [
    {
     "name": "stdout",
     "output_type": "stream",
     "text": [
      "Column names:\n",
      "['user_id', 'name', 'review_count', 'yelping_since', 'friends', 'useful', 'funny', 'cool', 'fans', 'elite', 'average_stars', 'compliment_hot', 'compliment_more', 'compliment_profile', 'compliment_cute', 'compliment_list', 'compliment_note', 'compliment_plain', 'compliment_cool', 'compliment_funny', 'compliment_writer', 'compliment_photos']\n"
     ]
    }
   ],
   "source": [
    "column_names=users.columns.tolist()\n",
    "print(\"Column names:\")\n",
    "print(column_names)"
   ]
  },
  {
   "cell_type": "code",
   "execution_count": 4,
   "metadata": {},
   "outputs": [
    {
     "data": {
      "text/html": [
       "<div>\n",
       "<table border=\"1\" class=\"dataframe\">\n",
       "  <thead>\n",
       "    <tr style=\"text-align: right;\">\n",
       "      <th></th>\n",
       "      <th>review_count</th>\n",
       "      <th>useful</th>\n",
       "      <th>funny</th>\n",
       "      <th>cool</th>\n",
       "      <th>fans</th>\n",
       "      <th>average_stars</th>\n",
       "      <th>compliment_hot</th>\n",
       "      <th>compliment_more</th>\n",
       "      <th>compliment_profile</th>\n",
       "      <th>compliment_cute</th>\n",
       "      <th>compliment_list</th>\n",
       "      <th>compliment_note</th>\n",
       "      <th>compliment_plain</th>\n",
       "      <th>compliment_cool</th>\n",
       "      <th>compliment_funny</th>\n",
       "      <th>compliment_writer</th>\n",
       "      <th>compliment_photos</th>\n",
       "    </tr>\n",
       "  </thead>\n",
       "  <tbody>\n",
       "    <tr>\n",
       "      <th>review_count</th>\n",
       "      <td>1.000000</td>\n",
       "      <td>0.291062</td>\n",
       "      <td>0.229759</td>\n",
       "      <td>0.254121</td>\n",
       "      <td>0.570175</td>\n",
       "      <td>0.013034</td>\n",
       "      <td>0.292225</td>\n",
       "      <td>0.194017</td>\n",
       "      <td>0.141717</td>\n",
       "      <td>0.145799</td>\n",
       "      <td>0.098460</td>\n",
       "      <td>0.217080</td>\n",
       "      <td>0.340212</td>\n",
       "      <td>0.338642</td>\n",
       "      <td>0.338642</td>\n",
       "      <td>0.339675</td>\n",
       "      <td>0.123462</td>\n",
       "    </tr>\n",
       "    <tr>\n",
       "      <th>useful</th>\n",
       "      <td>0.291062</td>\n",
       "      <td>1.000000</td>\n",
       "      <td>0.845041</td>\n",
       "      <td>0.924657</td>\n",
       "      <td>0.453555</td>\n",
       "      <td>0.003683</td>\n",
       "      <td>0.551440</td>\n",
       "      <td>0.393819</td>\n",
       "      <td>0.385850</td>\n",
       "      <td>0.306258</td>\n",
       "      <td>0.237762</td>\n",
       "      <td>0.393481</td>\n",
       "      <td>0.692946</td>\n",
       "      <td>0.659646</td>\n",
       "      <td>0.659646</td>\n",
       "      <td>0.601505</td>\n",
       "      <td>0.400108</td>\n",
       "    </tr>\n",
       "    <tr>\n",
       "      <th>funny</th>\n",
       "      <td>0.229759</td>\n",
       "      <td>0.845041</td>\n",
       "      <td>1.000000</td>\n",
       "      <td>0.850814</td>\n",
       "      <td>0.364839</td>\n",
       "      <td>0.002853</td>\n",
       "      <td>0.581662</td>\n",
       "      <td>0.430156</td>\n",
       "      <td>0.428305</td>\n",
       "      <td>0.317685</td>\n",
       "      <td>0.257382</td>\n",
       "      <td>0.404103</td>\n",
       "      <td>0.678976</td>\n",
       "      <td>0.686803</td>\n",
       "      <td>0.686803</td>\n",
       "      <td>0.649373</td>\n",
       "      <td>0.474750</td>\n",
       "    </tr>\n",
       "    <tr>\n",
       "      <th>cool</th>\n",
       "      <td>0.254121</td>\n",
       "      <td>0.924657</td>\n",
       "      <td>0.850814</td>\n",
       "      <td>1.000000</td>\n",
       "      <td>0.417416</td>\n",
       "      <td>0.004151</td>\n",
       "      <td>0.561581</td>\n",
       "      <td>0.396756</td>\n",
       "      <td>0.392955</td>\n",
       "      <td>0.306272</td>\n",
       "      <td>0.240986</td>\n",
       "      <td>0.385263</td>\n",
       "      <td>0.682709</td>\n",
       "      <td>0.669897</td>\n",
       "      <td>0.669897</td>\n",
       "      <td>0.609137</td>\n",
       "      <td>0.416365</td>\n",
       "    </tr>\n",
       "    <tr>\n",
       "      <th>fans</th>\n",
       "      <td>0.570175</td>\n",
       "      <td>0.453555</td>\n",
       "      <td>0.364839</td>\n",
       "      <td>0.417416</td>\n",
       "      <td>1.000000</td>\n",
       "      <td>0.010620</td>\n",
       "      <td>0.496956</td>\n",
       "      <td>0.268812</td>\n",
       "      <td>0.217340</td>\n",
       "      <td>0.253447</td>\n",
       "      <td>0.137268</td>\n",
       "      <td>0.333773</td>\n",
       "      <td>0.567380</td>\n",
       "      <td>0.539055</td>\n",
       "      <td>0.539055</td>\n",
       "      <td>0.503030</td>\n",
       "      <td>0.238160</td>\n",
       "    </tr>\n",
       "    <tr>\n",
       "      <th>average_stars</th>\n",
       "      <td>0.013034</td>\n",
       "      <td>0.003683</td>\n",
       "      <td>0.002853</td>\n",
       "      <td>0.004151</td>\n",
       "      <td>0.010620</td>\n",
       "      <td>1.000000</td>\n",
       "      <td>0.004172</td>\n",
       "      <td>0.002218</td>\n",
       "      <td>0.001736</td>\n",
       "      <td>0.001988</td>\n",
       "      <td>0.001054</td>\n",
       "      <td>0.002001</td>\n",
       "      <td>0.004567</td>\n",
       "      <td>0.004770</td>\n",
       "      <td>0.004770</td>\n",
       "      <td>0.004062</td>\n",
       "      <td>0.002018</td>\n",
       "    </tr>\n",
       "    <tr>\n",
       "      <th>compliment_hot</th>\n",
       "      <td>0.292225</td>\n",
       "      <td>0.551440</td>\n",
       "      <td>0.581662</td>\n",
       "      <td>0.561581</td>\n",
       "      <td>0.496956</td>\n",
       "      <td>0.004172</td>\n",
       "      <td>1.000000</td>\n",
       "      <td>0.658343</td>\n",
       "      <td>0.649696</td>\n",
       "      <td>0.630394</td>\n",
       "      <td>0.481100</td>\n",
       "      <td>0.685037</td>\n",
       "      <td>0.760840</td>\n",
       "      <td>0.918542</td>\n",
       "      <td>0.918542</td>\n",
       "      <td>0.845197</td>\n",
       "      <td>0.680324</td>\n",
       "    </tr>\n",
       "    <tr>\n",
       "      <th>compliment_more</th>\n",
       "      <td>0.194017</td>\n",
       "      <td>0.393819</td>\n",
       "      <td>0.430156</td>\n",
       "      <td>0.396756</td>\n",
       "      <td>0.268812</td>\n",
       "      <td>0.002218</td>\n",
       "      <td>0.658343</td>\n",
       "      <td>1.000000</td>\n",
       "      <td>0.963956</td>\n",
       "      <td>0.928060</td>\n",
       "      <td>0.944532</td>\n",
       "      <td>0.466313</td>\n",
       "      <td>0.623228</td>\n",
       "      <td>0.704423</td>\n",
       "      <td>0.704423</td>\n",
       "      <td>0.804018</td>\n",
       "      <td>0.876037</td>\n",
       "    </tr>\n",
       "    <tr>\n",
       "      <th>compliment_profile</th>\n",
       "      <td>0.141717</td>\n",
       "      <td>0.385850</td>\n",
       "      <td>0.428305</td>\n",
       "      <td>0.392955</td>\n",
       "      <td>0.217340</td>\n",
       "      <td>0.001736</td>\n",
       "      <td>0.649696</td>\n",
       "      <td>0.963956</td>\n",
       "      <td>1.000000</td>\n",
       "      <td>0.892108</td>\n",
       "      <td>0.911768</td>\n",
       "      <td>0.437517</td>\n",
       "      <td>0.612165</td>\n",
       "      <td>0.690690</td>\n",
       "      <td>0.690690</td>\n",
       "      <td>0.791655</td>\n",
       "      <td>0.849535</td>\n",
       "    </tr>\n",
       "    <tr>\n",
       "      <th>compliment_cute</th>\n",
       "      <td>0.145799</td>\n",
       "      <td>0.306258</td>\n",
       "      <td>0.317685</td>\n",
       "      <td>0.306272</td>\n",
       "      <td>0.253447</td>\n",
       "      <td>0.001988</td>\n",
       "      <td>0.630394</td>\n",
       "      <td>0.928060</td>\n",
       "      <td>0.892108</td>\n",
       "      <td>1.000000</td>\n",
       "      <td>0.944928</td>\n",
       "      <td>0.398011</td>\n",
       "      <td>0.532601</td>\n",
       "      <td>0.623037</td>\n",
       "      <td>0.623037</td>\n",
       "      <td>0.682582</td>\n",
       "      <td>0.841235</td>\n",
       "    </tr>\n",
       "    <tr>\n",
       "      <th>compliment_list</th>\n",
       "      <td>0.098460</td>\n",
       "      <td>0.237762</td>\n",
       "      <td>0.257382</td>\n",
       "      <td>0.240986</td>\n",
       "      <td>0.137268</td>\n",
       "      <td>0.001054</td>\n",
       "      <td>0.481100</td>\n",
       "      <td>0.944532</td>\n",
       "      <td>0.911768</td>\n",
       "      <td>0.944928</td>\n",
       "      <td>1.000000</td>\n",
       "      <td>0.353713</td>\n",
       "      <td>0.454137</td>\n",
       "      <td>0.515442</td>\n",
       "      <td>0.515442</td>\n",
       "      <td>0.625848</td>\n",
       "      <td>0.829712</td>\n",
       "    </tr>\n",
       "    <tr>\n",
       "      <th>compliment_note</th>\n",
       "      <td>0.217080</td>\n",
       "      <td>0.393481</td>\n",
       "      <td>0.404103</td>\n",
       "      <td>0.385263</td>\n",
       "      <td>0.333773</td>\n",
       "      <td>0.002001</td>\n",
       "      <td>0.685037</td>\n",
       "      <td>0.466313</td>\n",
       "      <td>0.437517</td>\n",
       "      <td>0.398011</td>\n",
       "      <td>0.353713</td>\n",
       "      <td>1.000000</td>\n",
       "      <td>0.529236</td>\n",
       "      <td>0.576142</td>\n",
       "      <td>0.576142</td>\n",
       "      <td>0.546168</td>\n",
       "      <td>0.462980</td>\n",
       "    </tr>\n",
       "    <tr>\n",
       "      <th>compliment_plain</th>\n",
       "      <td>0.340212</td>\n",
       "      <td>0.692946</td>\n",
       "      <td>0.678976</td>\n",
       "      <td>0.682709</td>\n",
       "      <td>0.567380</td>\n",
       "      <td>0.004567</td>\n",
       "      <td>0.760840</td>\n",
       "      <td>0.623228</td>\n",
       "      <td>0.612165</td>\n",
       "      <td>0.532601</td>\n",
       "      <td>0.454137</td>\n",
       "      <td>0.529236</td>\n",
       "      <td>1.000000</td>\n",
       "      <td>0.893017</td>\n",
       "      <td>0.893017</td>\n",
       "      <td>0.837042</td>\n",
       "      <td>0.626165</td>\n",
       "    </tr>\n",
       "    <tr>\n",
       "      <th>compliment_cool</th>\n",
       "      <td>0.338642</td>\n",
       "      <td>0.659646</td>\n",
       "      <td>0.686803</td>\n",
       "      <td>0.669897</td>\n",
       "      <td>0.539055</td>\n",
       "      <td>0.004770</td>\n",
       "      <td>0.918542</td>\n",
       "      <td>0.704423</td>\n",
       "      <td>0.690690</td>\n",
       "      <td>0.623037</td>\n",
       "      <td>0.515442</td>\n",
       "      <td>0.576142</td>\n",
       "      <td>0.893017</td>\n",
       "      <td>1.000000</td>\n",
       "      <td>1.000000</td>\n",
       "      <td>0.921846</td>\n",
       "      <td>0.716929</td>\n",
       "    </tr>\n",
       "    <tr>\n",
       "      <th>compliment_funny</th>\n",
       "      <td>0.338642</td>\n",
       "      <td>0.659646</td>\n",
       "      <td>0.686803</td>\n",
       "      <td>0.669897</td>\n",
       "      <td>0.539055</td>\n",
       "      <td>0.004770</td>\n",
       "      <td>0.918542</td>\n",
       "      <td>0.704423</td>\n",
       "      <td>0.690690</td>\n",
       "      <td>0.623037</td>\n",
       "      <td>0.515442</td>\n",
       "      <td>0.576142</td>\n",
       "      <td>0.893017</td>\n",
       "      <td>1.000000</td>\n",
       "      <td>1.000000</td>\n",
       "      <td>0.921846</td>\n",
       "      <td>0.716929</td>\n",
       "    </tr>\n",
       "    <tr>\n",
       "      <th>compliment_writer</th>\n",
       "      <td>0.339675</td>\n",
       "      <td>0.601505</td>\n",
       "      <td>0.649373</td>\n",
       "      <td>0.609137</td>\n",
       "      <td>0.503030</td>\n",
       "      <td>0.004062</td>\n",
       "      <td>0.845197</td>\n",
       "      <td>0.804018</td>\n",
       "      <td>0.791655</td>\n",
       "      <td>0.682582</td>\n",
       "      <td>0.625848</td>\n",
       "      <td>0.546168</td>\n",
       "      <td>0.837042</td>\n",
       "      <td>0.921846</td>\n",
       "      <td>0.921846</td>\n",
       "      <td>1.000000</td>\n",
       "      <td>0.787592</td>\n",
       "    </tr>\n",
       "    <tr>\n",
       "      <th>compliment_photos</th>\n",
       "      <td>0.123462</td>\n",
       "      <td>0.400108</td>\n",
       "      <td>0.474750</td>\n",
       "      <td>0.416365</td>\n",
       "      <td>0.238160</td>\n",
       "      <td>0.002018</td>\n",
       "      <td>0.680324</td>\n",
       "      <td>0.876037</td>\n",
       "      <td>0.849535</td>\n",
       "      <td>0.841235</td>\n",
       "      <td>0.829712</td>\n",
       "      <td>0.462980</td>\n",
       "      <td>0.626165</td>\n",
       "      <td>0.716929</td>\n",
       "      <td>0.716929</td>\n",
       "      <td>0.787592</td>\n",
       "      <td>1.000000</td>\n",
       "    </tr>\n",
       "  </tbody>\n",
       "</table>\n",
       "</div>"
      ],
      "text/plain": [
       "                    review_count    useful     funny      cool      fans  \\\n",
       "review_count            1.000000  0.291062  0.229759  0.254121  0.570175   \n",
       "useful                  0.291062  1.000000  0.845041  0.924657  0.453555   \n",
       "funny                   0.229759  0.845041  1.000000  0.850814  0.364839   \n",
       "cool                    0.254121  0.924657  0.850814  1.000000  0.417416   \n",
       "fans                    0.570175  0.453555  0.364839  0.417416  1.000000   \n",
       "average_stars           0.013034  0.003683  0.002853  0.004151  0.010620   \n",
       "compliment_hot          0.292225  0.551440  0.581662  0.561581  0.496956   \n",
       "compliment_more         0.194017  0.393819  0.430156  0.396756  0.268812   \n",
       "compliment_profile      0.141717  0.385850  0.428305  0.392955  0.217340   \n",
       "compliment_cute         0.145799  0.306258  0.317685  0.306272  0.253447   \n",
       "compliment_list         0.098460  0.237762  0.257382  0.240986  0.137268   \n",
       "compliment_note         0.217080  0.393481  0.404103  0.385263  0.333773   \n",
       "compliment_plain        0.340212  0.692946  0.678976  0.682709  0.567380   \n",
       "compliment_cool         0.338642  0.659646  0.686803  0.669897  0.539055   \n",
       "compliment_funny        0.338642  0.659646  0.686803  0.669897  0.539055   \n",
       "compliment_writer       0.339675  0.601505  0.649373  0.609137  0.503030   \n",
       "compliment_photos       0.123462  0.400108  0.474750  0.416365  0.238160   \n",
       "\n",
       "                    average_stars  compliment_hot  compliment_more  \\\n",
       "review_count             0.013034        0.292225         0.194017   \n",
       "useful                   0.003683        0.551440         0.393819   \n",
       "funny                    0.002853        0.581662         0.430156   \n",
       "cool                     0.004151        0.561581         0.396756   \n",
       "fans                     0.010620        0.496956         0.268812   \n",
       "average_stars            1.000000        0.004172         0.002218   \n",
       "compliment_hot           0.004172        1.000000         0.658343   \n",
       "compliment_more          0.002218        0.658343         1.000000   \n",
       "compliment_profile       0.001736        0.649696         0.963956   \n",
       "compliment_cute          0.001988        0.630394         0.928060   \n",
       "compliment_list          0.001054        0.481100         0.944532   \n",
       "compliment_note          0.002001        0.685037         0.466313   \n",
       "compliment_plain         0.004567        0.760840         0.623228   \n",
       "compliment_cool          0.004770        0.918542         0.704423   \n",
       "compliment_funny         0.004770        0.918542         0.704423   \n",
       "compliment_writer        0.004062        0.845197         0.804018   \n",
       "compliment_photos        0.002018        0.680324         0.876037   \n",
       "\n",
       "                    compliment_profile  compliment_cute  compliment_list  \\\n",
       "review_count                  0.141717         0.145799         0.098460   \n",
       "useful                        0.385850         0.306258         0.237762   \n",
       "funny                         0.428305         0.317685         0.257382   \n",
       "cool                          0.392955         0.306272         0.240986   \n",
       "fans                          0.217340         0.253447         0.137268   \n",
       "average_stars                 0.001736         0.001988         0.001054   \n",
       "compliment_hot                0.649696         0.630394         0.481100   \n",
       "compliment_more               0.963956         0.928060         0.944532   \n",
       "compliment_profile            1.000000         0.892108         0.911768   \n",
       "compliment_cute               0.892108         1.000000         0.944928   \n",
       "compliment_list               0.911768         0.944928         1.000000   \n",
       "compliment_note               0.437517         0.398011         0.353713   \n",
       "compliment_plain              0.612165         0.532601         0.454137   \n",
       "compliment_cool               0.690690         0.623037         0.515442   \n",
       "compliment_funny              0.690690         0.623037         0.515442   \n",
       "compliment_writer             0.791655         0.682582         0.625848   \n",
       "compliment_photos             0.849535         0.841235         0.829712   \n",
       "\n",
       "                    compliment_note  compliment_plain  compliment_cool  \\\n",
       "review_count               0.217080          0.340212         0.338642   \n",
       "useful                     0.393481          0.692946         0.659646   \n",
       "funny                      0.404103          0.678976         0.686803   \n",
       "cool                       0.385263          0.682709         0.669897   \n",
       "fans                       0.333773          0.567380         0.539055   \n",
       "average_stars              0.002001          0.004567         0.004770   \n",
       "compliment_hot             0.685037          0.760840         0.918542   \n",
       "compliment_more            0.466313          0.623228         0.704423   \n",
       "compliment_profile         0.437517          0.612165         0.690690   \n",
       "compliment_cute            0.398011          0.532601         0.623037   \n",
       "compliment_list            0.353713          0.454137         0.515442   \n",
       "compliment_note            1.000000          0.529236         0.576142   \n",
       "compliment_plain           0.529236          1.000000         0.893017   \n",
       "compliment_cool            0.576142          0.893017         1.000000   \n",
       "compliment_funny           0.576142          0.893017         1.000000   \n",
       "compliment_writer          0.546168          0.837042         0.921846   \n",
       "compliment_photos          0.462980          0.626165         0.716929   \n",
       "\n",
       "                    compliment_funny  compliment_writer  compliment_photos  \n",
       "review_count                0.338642           0.339675           0.123462  \n",
       "useful                      0.659646           0.601505           0.400108  \n",
       "funny                       0.686803           0.649373           0.474750  \n",
       "cool                        0.669897           0.609137           0.416365  \n",
       "fans                        0.539055           0.503030           0.238160  \n",
       "average_stars               0.004770           0.004062           0.002018  \n",
       "compliment_hot              0.918542           0.845197           0.680324  \n",
       "compliment_more             0.704423           0.804018           0.876037  \n",
       "compliment_profile          0.690690           0.791655           0.849535  \n",
       "compliment_cute             0.623037           0.682582           0.841235  \n",
       "compliment_list             0.515442           0.625848           0.829712  \n",
       "compliment_note             0.576142           0.546168           0.462980  \n",
       "compliment_plain            0.893017           0.837042           0.626165  \n",
       "compliment_cool             1.000000           0.921846           0.716929  \n",
       "compliment_funny            1.000000           0.921846           0.716929  \n",
       "compliment_writer           0.921846           1.000000           0.787592  \n",
       "compliment_photos           0.716929           0.787592           1.000000  "
      ]
     },
     "execution_count": 4,
     "metadata": {},
     "output_type": "execute_result"
    }
   ],
   "source": [
    "users.corr()"
   ]
  },
  {
   "cell_type": "code",
   "execution_count": 5,
   "metadata": {},
   "outputs": [
    {
     "data": {
      "text/plain": [
       "<matplotlib.text.Text at 0x106026710>"
      ]
     },
     "execution_count": 5,
     "metadata": {},
     "output_type": "execute_result"
    },
    {
     "data": {
